1003716184
1004524612
1004636280
1006993063
1007690313
1010956892
1011584517
1013011303
1015269541
1016311660
1016678575
1024253474
1027145634
1029374230
1036146373
1036417300
1036663592
1036713140
1040331325
1042026447
1043320390
1043325954
1044527073
1045529987
1049198655
1050163153
1050647232
1052266754
1053953693
1054096047
1060603161
1063736733
1063890337
1068246700
1075112902
1076186033
1080410951
1081058141
1081273845
1084078824
1084296952
1084443194
1085069695
1086782701
1087770692
1092040422
1092493017
1095240537
1096102210
1096536995
1097414213
1100856704
1104503584
1107491555
1110550747
1113218211
1114428482
1130013763
1132411232
1132891981
1133549870
1133594511
1134233684
1134960503
1140554177
1141140473
1141191363
1142648704
1143606883
1145523222
1149665262
1155512370
1156966391
1158518402
1159044217
1159402801
1162178432
1164589025
1166557705
1169193955
1170467832
1171136322
1173360372
1174692545
1175335157
1177216341
1179630143
1182288203
1182389073
1182391231
1187986757
1188552450
1189615035
1189617115
1189729754
1191044977
1191211465
1191220232
1191258123
1191258655
1191262305
1191965271
1192329374
1192515960
1192966660
1193111400
1193210930
1193258161
1193491727
1193725273
1194720022
1194868525
1194869670
1195031270
1195054531
1195230310
1195231190
1195242865
1195301385
1195347197
1195354434
1195397063
1195818302
1195883527
1195910797
1196045711
1196235387
1196624615
1197001922
1197002213
1197069394
1197071940
1197151844
1197161814
1197187737
1197199510
1197362373
1197863207
1197890497
1197931472
1198213514
1198251274
1198367585
1198389164
1198392970
1198442164
1198474965
1198920804
1199769167
1200933465
1210319872
1210520227
1210558765
1211598953
1212182847
1212642787
1212812142
1213452333
1214074324
1214219230
1214686260
1215031834
1215035495
1215895173
1216206383
1216431741
1216607987
1216766752
1216826604
1217261134
1217330363
1217743083
1218098864
1218353337
1218540661
1218639357
1218869573
1218957517
1219097704
1219494175
1219760062
1219957677
1220083453
1220381234
1220862142
1220924217
1220926753
1220931714
1221530313
1221895385
1222135407
1222713954
1223178222
1223179064
1223250145
1223762662
1224180577
1224449043
1224623833
1224818510
1224818760
1224900857
1225419417
1225907163
1225963240
1226134960
1226227801
1226255247
1227078145
1227125192
1227368500
1227493664
1227636382
1227687675
1227864093
1228196907
1228479517
1228486722
1228945514
1228977142
1229068373
1229884532
1230663070
1232121710
1233536692
1233614375
1233628161
1233631232
1233664867
1234682582
1235457821
1235576307
1236002955
1236392942
1236837852
1236930591
1237183382
1237269183
1237755177
1237869662
1238515240
1238712252
1238808414
1240043751
1240375710
1241146247
1242388827
1242563970
1243309364
1243477063
1243578692
1243684031
1244423585
1245629753
1245732825
1245758104
1246000040
1246142517
1246147933
1246154131
1246529447
1246658331
1246825175
1247685455
1248284645
1248491195
1249061442
1249159055
1249193625
1249424622
1249622393
1250041105
1250327520
1250741203
1250749625
1251186131
1251419397
1252036043
1252699553
1253318443
1253347132
1253587884
1254139301
1254230710
1254431963
1254764477
1255120147
1255849511
1257138284
1257284025
1258246032
1258941120
1259110474
1259914383
1260398237
1261141474
1261700994
1261732644
1262306161
1262456801
1262775115
1263387643
1263406744
1263478891
1263585717
1263658763
1263762522
1264138094
1264674527
1265020392
1265057942
1265965213
1265998927
1266286555
1266321801
1266334520
1266922873
1267177494
1267224222
1267454277
1267564540
1268640445
1269114067
1269284590
1269367974
1269647104
1270011200
1270625055
1271125500
1271208961
1271542887
1272130794
1272591177
1272651680
1272741311
1272996544
1273461107
1273610165
1275017594
1276412035
1280463227
1280761142
1280822783
1280846847
1280981624
1281156091
1282005885
1282857380
1282871591
1282903762
1283022704
1283493053
1283658605
1284032347
1284139322
1285034720
1285478591
1285951304
1286189071
1286356063
1287656950
1287988437
1288369910
1288764341
1288915263
1290099433
1290180827
1290240321
1291152165
1291843462
1292380541
1292808363
1295609983
1295674790
1295718153
1295770221
1295950295
1296241304
1298064414
1298535315
1299060785
1299532580
1299654943
1300871220
1301043494
1301404045
1301913240
1303154437
1303190400
1303599847
1304293857
1305012374
1305732715
1311967407
1314608344
1314637182
1315469422
1315591982
1316790223
1316949123
1317335037
1318252980
1319417172
1320219435
1321674855
1323117901
1323527941
1326410461
1335280
1335661387
1336056181
1337925752
1337970873
1338544372
1338623632
1338738570
1339426435
1339841140
1340587115
1340833387
1341689145
1342829361
1344360230
1344964604
1345566427
1345625994
1346590571
1346817825
1347118243
1347192833
1350292770
1350995007
1352130183
1352359750
1354290737
1355610915
1358776365
1359352247
1360575977
1361074815
1362607654
1362766720
1363688202
1364552715
1368805177
1368968270
1371189827
1371469531
1371675920
1371677032
1371731565
1372925063
1375064863
1380265057
1380274560
1384615417
1391549991
1391783845
1391916660
1393314791
1394412883
1394657835
1394869960
1395689137
1396626753
1396715380
1399527877
1399746707
1400065697
1400399985
1400434093
1400565967
1400675731
1400722343
1400776392
1400788390
1400831884
1401805912
1401921941
1402035482
1402138343
1402247482
1402551940
1403025472
1403366091
1403497553
1404214752
1404845785
1404927945
1404928432
1405202051
1405362115
1405603123
1405823877
1405906767
1405956297
1406200033
1406913753
1407332853
1407615121
1408329341
1408752422
1410106301
1410448443
1410551071
1410812623
1411163204
1411211934
1412779214
1412922410
1413304027
1413971423
1415636805
1417037145
1417190052
1417570095
1418113447
1419172372
1419517335
1420020714
1420157965
1421067881
1421452137
1424710994
1424807951
1426983034
1427295103
1427412531
1431308884
1431680140
1432482114
1434387020
1435160552
1436469813
1438272342
1438933604
1440021635
1443814634
1444028371
1444865141
1445403190
1445818364
1445895345
1445937283
1446609453
1448278077
1448495451
1450063597
1450391110
1450888394
1451716231
1453362770
1453471333
1454338611
1454884585
1455039933
1457733725
1458028210
1458470903
1459277820
1462649411
1463790452
1464082895
1464718422
1465136035
1470110647
1470809487
1478282890
1481638480
1481944214
1483330984
1484861452
1489794451
1490372962
1494759712
1494848464
1494908203
1495033135
1495332165
1496070307
1496226572
1496813671
1496814565
1496825941
1496846495
1496846867
1496850204
1496864063
1496867634
1496911830
1496915130
1496959004
1497087080
1497091012
1497176560
1497266011
1497390470
1497878455
1498135555
1498228941
1498396803
1498454912
1498522714
1498635641
1498683871
1500017461
1502150350
1506142182
1507921471
1508453695
1510017057
1510126321
1517916214
1518966617
1523766213
1524264517
1525227195
1527202452
1529124462
1529129615
1530239792
1533789260
1534792797
1534936623
1539469391
1544794657
1547596314
1548592460
1549362863
1550117511
1553190277
1553328434
1553419253
1554710050
1556483020
1556906051
1557797092
1559080724
1559521891
1559735653
1560442584
1561015262
1562412693
1564533842
1566294041
1566301073
1566455250
1566530041
1566792693
1567261593
1568006292
1568746614
1570043294
1570610520
1571497285
1571999832
1573471910
1574684061
1574903010
1575142931
1575527140
1577665611
1577826897
1577836394
1578369487
1578579232
1578818417
1578839965
1579252671
1579266140
1580368313
1580761620
1580792577
1580957991
1581081347
1581391555
1581544960
1582160525
1582488432
1584233735
1584255432
1585354514
1585419825
1585662670
1586879923
1587202142
1589353923
1592131120
1592146353
1594147683
1594187341
1594225022
1594590224
1594646223
1594774304
1594925933
1595382824
1596103295
1596329427
1596409212
1596734535
1596931083
1598487482
1598682284
1599175871
1599222242
1601563722
1604179804
1604363024
1604916190
1605052390
1605570342
1607806944
1608184211
1608574203
1608610881
1609669161
1610536214
1610674450
1611215014
1613680211
1613953781
1613962150
1613965273
1614037520
1615813834
1616008071
1616192700
1616764884
1616772137
1617902267
1619699251
1619766521
1619899087
1622480237
1623842133
1625182743
1625288425
1626002531
1626297211
1626506953
1627110432
1628088170
1628350042
1628525735
1628669597
1628860034
1629076373
1629097662
1629681802
1629966190
1630300414
1630423295
1631984462
1632067682
1632920822
1633662514
1634242992
1635624847
1635726043
1635764393
1638629382
1639127253
1639132981
1639498782
1640571365
1641179817
1641480270
1641532820
1641545285
1641559145
1641561812
1642030665
1642088277
1642257857
1642326133
1642351362
1642477462
1642482194
1642512402
1642545715
1642566747
1642605821
1642630543
1642720480
1642749707
1643906712
1643954857
1643971635
1644051882
1644114654
1644197463
1644215471
1644250693
1644296264
1644307977
1644330853
1644415941
1644419370
1644461042
1644489953
1644492510
1644510497
1644806805
1644855075
1644948230
1645171780
1645578093
1645705403
1645773865
1645823934
1645826702
1646030734
1646068663
1646343160
1646446167
1646512101
1646933975
1647255877
1647375747
1647392741
1647497355
1647678107
1647688972
1647865744
1648664373
1648782501
1648816907
1648856357
1648979552
1649005320
1649151203
1649155730
1649159940
1649166140
1649173367
1649252577
1649401391
1649586835
1649597805
1649605495
1649614847
1649750547
1649873781
1650096331
1650111241
1650246564
1650305567
1650388805
1650488005
1651123083
1651319160
1651422324
1651428902
1651459561
1651799795
1652217032
1652296832
1652484947
1652811601
1652850891
1652889677
1653234553
1653460650
1653466432
1653603955
1653689003
1653689834
1653714227
1653981791
1654093383
1654801402
1654815470
1655127507
1655152542
1655238055
1655315485
1655444627
1655526104
1655665171
1656565920
1656715760
1656737654
1656809190
1656818114
1656831930
1657236125
1657464934
1657764041
1657776532
1658187530
1658402750
1658704130
1658988854
1659490917
1659494802
1659520204
1659796231
1660079292
1660127072
1660252010
1660268767
1660282297
1660450067
1660895525
1660943022
1661059551
1661347232
1661598840
1661672685
1661877547
1661938815
1661987395
1662049267
1662194560
1662429125
1662558237
1662766362
1663072851
1663073073
1663559265
1663612603
1663801431
1663814175
1663819761
1663932242
1663933725
1663937380
1663960622
1664176597
1664207987
1664215603
1664822514
1664894815
1665184267
1665232543
1665372775
1665450974
1665581307
1665817920
1666680885
1666978981
1667007123
1667274237
1667434994
1667575473
1667942985
1668236975
1668244557
1668576570
1668589317
1668662863
1668926483
1668936321
1668973792
1669036601
1669763744
1669764455
1670071920
1670183810
1670363364
1670421223
1670697373
1671068657
1671342103
1671416800
1671782587
1672097180
1672519561
1672636564
1673179932
1675509012
1675693152
1675753864
1675961211
1676160070
1676368781
1676526491
1676582524
1676636470
1676929301
1676959853
1677675054
1677875323
1677876712
1677991972
1678221494
1678351712
1678429834
1678451035
1678470695
1678528194
1678565893
1678732150
1679117561
1679602805
1679753137
1680044997
1680198782
1680313495
1680430844
1680626732
1680950470
1680990025
1681029540
1681335433
1681351060
1681489322
1682207150
1682352065
1683299344
1683370110
1683472727
1683503763
1683814612
1683963007
1684012053
1684388950
1684446114
1684466614
1684502353
1685560041
1685802840
1686085453
1686210532
1686546714
1686709997
1686777210
1687198333
1687202613
1687350764
1687442081
1687442645
1688041835
1688152161
1688213071
1688864597
1689041330
1689110243
1689219395
1689474774
1689577935
1689595402
1689618340
1689965057
1689980344
1690015640
1691507817
1691515770
1692539731
1692544657
1694061470
1694438127
1695491701
1697045860
1697601814
1698233740
1698243607
1698788550
1698823241
1698857957
1699258907
1699493494
1699540307
1700087532
1700123123
1700207693
1700315953
1700648435
1700713311
1700720163
1700757973
1700867777
1701367442
1701401324
1701580461
1701830465
1701887397
1702275522
1702549133
1702783184
1702883112
1702896953
1703358167
1703371307
1703513687
1703524110
1703612533
1703704777
1704069642
1704084074
1704116960
1704544512
1704577360
1704819467
1705147594
1705180884
1705338574
1705586121
1706120594
1706372681
1706608200
1706987705
1707093584
1707178184
1707427294
1707559961
1707679453
1708180540
1708188321
1708288824
1708643783
1708739134
1708922835
1708942053
1710019373
1710546672
1712295232
1712318565
1712356403
1712539910
1713217747
1713458220
1713961440
1714730895
1715983221
1716439754
1716994723
1717175282
1717243374
1717257814
1717756615
1717833412
1717857481
1718259005
1718493627
1718699234
1719712824
1720962692
1721205682
1721397022
1721825977
1722022490
1722474783
1722594714
1722628512
1723129462
1723167603
1723216063
1723343590
1724187070
1724597844
1725252714
1726393244
1726544024
1726602910
1726616225
1726918143
1727191592
1727524110
1727617317
1728222637
1728646750
1728679790
1728914652
1729294695
1729314032
1729370543
1729406375
1729779710
1729853157
1729900362
1729930211
1730077315
1730123695
1730243272
1730374903
1730726637
1731285993
1731769015
1731972042
1732068425
1732370473
1732440374
1732480923
1732514027
1732676734
1732802301
1732929015
1732950433
1734026127
1734358824
1734530730
1734741902
1735047885
1735069645
1735430673
1735882701
1735937570
1735950160
1736584917
1736737707
1737520307
1737694433
1737737970
1737847545
1738698194
1738933752
1739399122
1739857377
1739928273
1739964112
1740006601
1740334623
1740346671
1740494923
1740557654
1741069204
1741543435
1741625493
1741718594
1742039117
1742121542
1742263035
1742295095
1742460685
1742566624
1742883382
1742944894
1742987497
1743040097
1743323993
1743474514
1743584381
1743653325
1744176234
1744188571
1744332207
1744361825
1744436311
1744729263
1744825334
1745573472
1745680904
1745905444
1746067030
1746215377
1746274673
1746331981
1746692527
1747010580
1747173625
1747514562
1747514927
1747522104
1747790171
1748191307
1748811702
1748849312
1749127163
1749601174
1749964961
1749990115
1750270991
1750344480
1750349192
1750353914
1750354524
1750355192
1750358014
1750358910
1750403737
1750553234
1750762053
1750822455
1750987934
1751124681
1751125675
1751383493
1751675285
1751714412
1752162633
1752467960
1752502537
1752765611
1755342265
1755370981
1756505647
1756644751
1756920891
1757115873
1757449167
1758061625
1758102755
1758242183
1758905504
1759168351
1759322487
1760365341
1760561273
1761047370
1761616742
1761713265
1762325394
1762331644
1762509182
1762645362
1762945760
1763003110
1763251165
1763428724
1763582395
1764105342
1764268194
1764357042
1764404507
1764457643
1764523734
1764855964
1764963064
1764965564
1764971600
1764974680
1765083450
1765099943
1765285705
1765335300
1765373140
1765651587
1765678631
1765704812
1765870915
1766519674
1766575621
1766752803
1766909504
1766938004
1767160684
1767305484
1767501755
1767910704
1768426822
1768470921
1768963455
1769088064
1769216315
1769544670
1769684987
1769787285
1770385885
1770713970
1770789671
1771650130
1772190152
1772293130
1772699810
1772752875
1773283005
1774006332
1774057271
1774062607
1774181624
1774259814
1774835215
1775186917
1775638471
1775826365
1776361441
1776684301
1777807805
1778455640
1778542151
1778742953
1778759237
1778891262
1779837945
1780560607
1780635261
1780687121
1780853205
1780973784
1781462195
1782599645
1783060480
1783206023
1784473157
1784537661
1784742491
1784897432
1785051807
1785693845
1785726795
1785819763
1786485173
1786822605
1786987090
1787135414
1788500327
1789124483
1789272781
1789342195
1791121141
1791142057
1792702427
1792866967
1793285524
1794845531
1795468437
1795513823
1795835237
1796099207
1796235993
1796308821
1796542650
1796794241
1796835550
1796996883
1797007051
1797140201
1797246290
1797267973
1797326783
1797918835
1798295527
1798653494
1798684292
1799408092
1799428335
1799833402
1799874627
1799898464
1800611161
1800850901
1801055875
1801609934
1801817195
1802514953
1802534782
1802650282
1803473055
1803570001
1803658131
1803858525
1803921393
1804750981
1805087952
1805319252
1805464273
1805685140
1805720140
1805728801
1805993862
1806128454
1806209492
1806686502
1807154445
1807431510
1808657934
1810541104
1812557667
1812581591
1812885040
1813263313
1813482925
1814778491
1814926304
1815763561
1816011541
1817265793
1819318401
1819750005
1820051981
1820201245
1820578701
1820796560
1821298103
1821670263
1822048460
1822198633
1822225630
1822299354
1822796164
1823414835
1823693670
1823787462
1824298652
1824398837
1824767143
1824868164
1826052983
1826193391
1826513532
1826628633
1826764677
1826792401
1827370530
1827652007
1828183230
1828887503
1828973811
1829303331
1829451103
1829625055
1829744931
1830055592
1830438495
1830644114
1830679800
1830853112
1831058717
1832083124
1833179627
1833180325
1833538627
1833963193
1834628251
1834946594
1835027687
1835574314
1836051934
1836384951
1837659353
1837752224
1837869620
1837948162
1838144771
1838241624
1838629011
1838687261
1839222764
1839358822
1840324391
1840551510
1840987625
1841872000
1842056855
1842328695
1843537243
1843851647
1844125755
1844376924
1845675654
1845864154
1846084881
1846880043
1846904563
1847251991
1847287827
1847582585
1848059212
1848304395
1850014280
1850145517
1850188817
1850396185
1851563345
1851831745
1851881587
1852451387
1852514184
1853213062
1853794877
1854283601
1854627907
1854995331
1855024094
1856404484
1857570982
1858296180
1858617102
1858865470
1859353001
1859363691
1859428970
1859674134
1860032070
1860033443
1860096194
1861788832
1862186814
1862425200
1862606724
1862769504
1862784384
1862891690
1862974331
1862977632
1863047190
1863185713
1863215722
1863384035
1863501524
1863792930
1863826337
1864605465
1864955721
1865320214
1865911151
1866048154
1866427027
1866882821
1867085277
1867571077
1868306103
1868948375
1869124960
1869484221
1869607230
1870096635
1870285517
1870415713
1870458911
1870549587
1871139841
1871664157
1871767003
1871962437
1872514523
1872666854
1873901272
1875171015
1875787532
1876792387
1877509425
1878169763
1878546883
1878923963
1879326192
1879778060
1879859474
1880087643
1880261120
1880672380
1881234081
1881270367
1882168043
1882381070
1882475282
1882716230
1883003324
1883298010
1883810557
1884334303
1884616407
1884711611
1885148683
1885217980
1885443940
1885637912
1885761851
1885924871
1885985453
1886218413
1886372175
1886903325
1887259304
1887790981
1889096765
1889213710
1890124614
1890872744
1891212504
1891399067
1891876992
1891971794
1892119657
1892464897
1892680923
1892793683
1892936661
1893278624
1893377101
1893386841
1893410897
1893817620
1893892941
1894287893
1895431523
1895567845
1895605505
1895622611
1896184263
1896456970
1896650227
1896697435
1896820725
1897352250
1897519663
1897604574
1897667757
1897723622
1898050623
1898187321
1898290533
1898472192
1898782627
1898886221
1898944322
1898954402
1898987134
1899155404
1899621707
1899758880
1900029290
1900093290
1900093822
1900401847
1900552512
1900661044
1900739345
1901379903
1901943305
1901967554
1902504900
1902524443
1902562992
1902610964
1903008141
1903747781
1903831295
1904164003
1904328862
1904469113
1904716254
1904801157
1905077071
1905371357
1905391435
1905655947
1905831624
1905843503
1905863595
1906278607
1906342515
1907542963
1907616172
1907621492
1907992593
1908028514
1908195982
1908653214
1909295532
1909377960
1910695630
1911259284
1911347757
1911361075
1911484643
1911726914
1912150611
1912362953
1912473262
1912625307
1912715061
1912869365
1913382117
1914242474
1914390204
1914567872
1914880192
1915129857
1915293274
1915671961
1916619253
1916657595
1916780343
1917205532
1917433500
1917760247
1918021250
1918557523
1918596607
1918730657
1918830794
1919014323
1919072083
1919291765
1919688583
1919857493
1919955065
1920000317
1920021331
1920078035
1920301571
1920339177
1920359817
1920440984
1920535861
1920991551
1921066184
1922328587
1922640673
1923210664
1923237421
1923496622
1923810247
1923969675
1924004891
1924080701
1924395992
1924585171
1924853635
1926127093
1926641510
1926909715
1926967095
1927633355
1927833582
1927879232
1928118655
1928240144
1928941497
1929496477
1929655555
1929676450
1930233010
1931238691
1931511414
1931704477
1932379497
1932619445
1932727292
1933626242
1934086492
1934222185
1934796322
1935074473
1935084477
1935167034
1936009361
1936959151
1936988801
1937126253
1937187173
1937434172
1938330147
1938364634
1938523582
1939462160
1939611140
1939716980
1939861572
1940053352
1941113001
1941200382
1941349302
1942226485
1942743372
1943031490
1943128881
1943567614
1944194624
1945584665
1945968034
1948030305
1948233744
1952101104
1952243345
1952262350
1954079704
1954147567
1956700750
1956911795
1957405325
1957796154
1958164890
1958824934
1958886807
1958889463
1958890151
1959008741
1959210547
1960027955
1960332210
1960341790
1960785875
1961906073
1962216621
1963968005
1964179365
1964619957
1964959441
1965012063
1965683690
1967886847
1967926223
1968523893
1968863541
1968909041
1970376053
1971324407
1971467724
1971878703
1971883945
1972917825
1974576991
1974945511
1975395992
1975419900
1975531243
1975687852
1975995305
1976294423
1976304153
1977494531
1980124632
1980384622
1980547921
1981653361
1982753487
1983885611
1984147945
1984760873
1985600031
1986561077
1986911805
1988242511
1988438334
1988800805
1989143312
1989412233
1989585333
1989660417
1990179631
1990353123
1991123083
1991383002
1992864072
1993342070
1994955825
1995801167
1997114933
1997431191
1997544897
1997946033
1998449021
1998924443
1998988241
1999393467
1999607273
2000016880
2000363391
2001424242
2001441633
2001717811
2002605925
2002687103
2003161103
2003277947
2004622425
2006337157
2007009897
2007047513
2010075304
2010768923
2011075080
2011591932
2011855112
2011928701
2011938024
2012554224
2012816014
2012848090
2013536464
2014034660
2015247317
2018220685
2020077587
2022990945
2023103977
2024295957
2024872695
2025503851
2025627283
2026325457
2026479497
2027275391
2027363802
2027773605
2028142297
2028895724
2030021905
2030112487
2030371897
2032139271
2032373053
2033528561
2034291090
2034347300
2034478784
2034544691
2035238114
2035275872
2035314810
2036030484
2036089315
2036145200
2036308142
2037509875
2038429653
2040119035
2042467747
2042629455
2043218867
2043228245
2043351562
2043836390
2044263792
2044424073
2046857073
2047736232
2048032540
2048774442
2049497802
2049895195
2050025717
2050067882
2050280313
2050690913
2051634951
2052064927
2053061043
2053148147
2053494515
2054302531
2054367145
2054609173
2054935423
2055207337
2055576275
2055648745
2055923725
2056346650
2056394313
2056759313
2057328682
2057335335
2057675121
2058584790
2060127212
2060420737
2061840907
2061847537
2062319503
2062425505
2062571151
2062883081
2063540952
2066256095
2066785327
2067301197
2068602773
2068795981
2070310990
2072066577
2072740107
2072751944
2073536807
2073915493
2074507894
2074857835
2075610080
2077744000
2079751412
2081474535
2081741101
2081773115
2081933265
2082583823
2083146281
2084066187
2085794347
2090222594
2090260441
2090591961
2092189447
2092312995
2093001685
2093171887
2093959215
2094902981
2095167715
2096203300
2096522211
2096672245
2097024354
2097286741
2098138660
2098160784
2098165902
2098193510
2098223804
2099221291
2099254665
2099708877
2100329714
2100445057
2100508632
2100581117
2103206685
2104330617
2104474120
2104605197
2104611263
2104614043
2104693617
2104867435
2105284465
2105382947
2105558531
2105811772
2106721832
2106855375
2107738072
2107923123
2108163947
2108237403
2109030420
2110048113
2110658557
2111320103
2112407561
2114150347
2115262352
2115973751
2115980191
2116182794
2116447502
2119628851
2120006760
2121171961
2121718653
2122336830
2122506831
2122514651
2123664205
2124970203
2125419833
2125939111
2126148612
2127403275
2128410557
2128472193
2128914281
2128931651
2128988813
2129875687
2130281157
2131717525
2131940187
2132387361
2132979061
2133135690
2133699544
2134669137
2134671703
2135463924
2137163131
2137587955
2137815951
2138162905
2138314295
2138411865
2138713284
2138964534
2139071855
2139155362
2140047552
2140325661
2140347677
2141760997
2142117621
2144789105
2145291155
2145345917
2146646565
2146717162
2147046855
2149069737
2149848535
2150616260
2152243970
2152519810
2153117015
2153270810
2153640151
2153716695
2153928381
2154058603
2154386592
2154847924
2155202415
2155768741
2155966035
2156372723
2157238653
2158772060
2160794022
2161304867
2162418640
2163818223
2165259481
2165697071
2167345032
2167504685
2168353610
2169309165
2169803010
2169847277
2171392531
2171536211
2171582144
2171939562
2171995274
2173243960
2174951252
2175338034
2175830437
2176235777
2176561564
2177329864
2179021091
2179825195
2181014631
2181597154
2185216037
2185280810
2185450707
2185608961
2185636134
2186758802
2187110962
2187506081
2187690912
2191884204
2192606857
2196312157
2197723802
2201126374
2202323951
2202692513
2202758021
2203023924
2203025493
2203774331
2204033420
2206820037
2206834243
2207702064
2210168325
2210941273
2211245370
2212311917
2213293517
2214193535
2214838982
2216366835
2216850073
2230249757
2233668234
2238176521
2238360723
2238816275
2239082677
2239586647
2240194360
2241791093
2241948204
2244733937
2245917531
2246737161
2247798535
2249455914
2253771810
2254181360
2254663297
2256485331
2256923854
2257097452
2258248407
2258727970
2258833123
2259692942
2261052032
2261479024
2262194234
2262263940
2264264700
2264358493
2264560342
2265220600
2265408641
2266430480
2268590993
2268683823
2268909494
2269006952
2269103954
2269263531
2271643410
2272916302
2274567792
2275081287
2275231151
2275883675
2278476553
2279645397
2281936870
2282471870
2282486834
2282670150
2283032014
2283406765
2286367212
2286908003
2287078661
2288324402
2290126872
2292120434
2292899701
2295049454
2296210917
2296509425
2296757282
2296834635
2297936863
2298873110
2299842572
2301487827
2301911730
2302663124
2305514834
2309623245
2312330067
2313983925
2316268360
2316796262
2318629240
2319434684
2320104860
2320442797
2321390724
2321615032
2323360613
2328516855
2329569434
2330077697
2330089424
2330782532
2332566353
2334112451
2334162530
2338225900
2338493841
2340434642
2342024544
2343891305
2344219222
2344505093
2345130274
2348915124
2349053444
2354159892
2355382360
2355658474
2356298087
2358311413
2359610554
2360016402
2365961811
2366098464
2366139377
2366488174
2367392191
2368682673
2370841067
2372208183
2372649470
2373438980
2373564081
2374137643
2375086267
2375421360
2376438234
2376534624
2377290167
2382502964
2384889627
2386562775
2386798841
2388379705
2388502127
2389369587
2390156382
2392365724
2392966812
2402588051
2402728235
2403272000
2404642487
2405228903
2411544002
2411750412
2417139911
2417852083
2417856193
2418432711
2418542712
2418724427
2418757673
2419531945
2421849222
2424081561
2426606861
2427989561
2431078520
2431088554
2432550377
2433041000
2434311670
2434506170
2435340311
2438265760
2439332773
2443459455
2443744521
2443805115
2443816425
2443870775
2445547247
2449764564
2450512472
2457997103
2458497472
2459186132
2461535184
2462605080
2464415082
2464831845
2466143495
2466321155
2467032524
2469840975
2473082931
2473594150
2473841332
2474028305
2474531680
2476121622
2476894617
2477986727
2478810261
2480681624
2482325401
2484046043
2486704381
2489610225
2490335860
2490757421
2490830195
2491882133
2492953362
2493592183
2495530635
2496452052
2498865323
2505952710
2506964742
2507079591
2510158274
2510431310
2510826622
2519261490
2520510500
2521617504
2521766162
2525457764
2526256574
2526938335
2531624267
2532579261
2532700305
2535760180
2537274757
2537882762
2539238155
2539588250
2539961154
2540201414
2540221005
2540225721
2540937243
2541592687
2541763545
2542149432
2542165240
2542584687
2542605523
2542745923
2544162414
2549511007
2549578244
2549964007
2550598044
2551699540
2553873395
2556044394
2556845931
2557375422
2557586352
2559830984
2559927380
2560091735
2561893443
2562810123
2564089085
2568227595
2568435544
2571494540
2573119002
2574690212
2576582941
2576712742
2577139143
2588125494
2588125534
2588129880
2588129952
2588343342
2589978645
2590506090
2590506130
2590508284
2591278634
2591654340
2592764021
2595730724
2596102331
2596145655
2596874173
2596923853
2598560315
2598796251
2600120505
2600257305
2601007763
2602402741
2602905897
2605594314
2606568840
2606830271
2606879860
2607098163
2608323762
2608674231
2608703882
2609182255
2609708412
2609712200
2609712434
2610594573
2610935493
2611704855
2611704925
2612249974
2612882965
2615171487
2615417307
2616698733
2617901127
2618665663
2619147694
2619184643
2619272297
2620031961
2620088113
2622056220
2624358213
2625481001
2626068177
2626195033
2626755893
2627021165
2627641582
2627718602
2628198487
2628526092
2629963845
2630570525
2632236847
2633651743
2634316074
2634481533
2634819491
2635159794
2635729913
2636180571
2636437427
2637048652
2638276292
2639013261
2639029341
2640433283
2640649853
2640815987
2644003407
2645654357
2646683177
2646963635
2647566747
2648001515
2648557584
2648998497
2650905323
2650980971
2652370582
2652499414
2652595170
2653852805
2653965462
2654068697
2654463905
2654831775
2656274875
2656288787
2658356894
2659121381
2659630681
2659855013
2660788583
2663062477
2663205945
2664485327
2665774271
2669204693
2669427435
2671319465
2671380057
2671615357
2671895517
2672236923
2673559383
2675696393
2676392033
2678664313
2682626731
2683881851
2683917225
2684112141
2684160970
2684390563
2684673601
2685398055
2685677853
2686572051
2687279460
2687300934
2689131951
2690346134
2690893552
2695055774
2695069550
2695071524
2695135880
2696049583
2696123751
2697823625
2698033700
2698102870
2698146894
2698228511
2698282460
2699424634
2702098254
2702893142
2702903564
2702946110
2704086505
2704343991
2707274307
2707617453
2707904340
2708662990
2709629480
2709841535
2710077380
2710574057
2710739767
2711454173
2711488952
2711511694
2711960991
2712205020
2712345334
2713251091
2713772142
2714234101
2714476822
2717762443
2718599551
2718604160
2719969734
2722031203
2722482082
2723391942
2723708584
2726406013
2727830932
2728126357
2729273811
2730549204
2732674313
2732804592
2733235265
2733544905
2733910847
2733917073
2733950503
2734286505
2734409311
2735584382
2735724754
2737798435
2740268905
2740527384
2740811650
2741062787
2743404794
2746136993
2746471350
2747192510
2749360471
2754957895
2759280604
2759348142
2760221715
2760296044
2760402625
2761184101
2762892110
2764001740
2764013351
2764013814
2764740613
2768184927
2768680194
2772920830
2773421974
2773591493
2775872784
2775892915
2775947365
2778292197
2780601434
2781790222
2784361770
2788706802
2788707944
2790100325
2791635342
2792770912
2794283127
2795535177
2796405683
2797439000
2797439124
2797439240
2797466584
2797466780
2798061064
2798464481
2799387062
2800982237
2800992940
2803301701
2803684474
2804460564
2805709483
2805831502
2807085847
2810373291
2812986450
2814727404
2815436792
2816859310
2819027752
2820421374
2820957467
2822547432
2823417024
2824640994
2827340682
2828907507
2829825570
2830657600
2832495877
2832630533
2833476750
2833533023
2833993170
2834480301
2834906595
2839233165
2841334182
2842369417
2845256043
2848197735
2848450473
2850616155
2851486534
2853468784
2857630570
2858421910
2859245700
2860146711
2860954042
2860998382
2862558854
2865030202
2866275992
2880198682
2883635350
2883882302
2886398724
2892786960
2898467925
2899230143
2916504362
2918559854
2928904282
2935699172
2945115864
2949913010
2950659344
2951241620
2952032317
2953903975
2954230280
2957849014
2960538133
2962345755
2965169151
2965863571
2981234814
2981827167
2992050891
2993049293
2993099575
2997091934
2997829562
2998045524
3005082962
3009017133
3009277592
3011694992
3013093735
3014669221
3016214510
3023512912
3047982015
3053381063
3054344680
3057540037
3062287903
3071375724
3075396962
3082426301
3083042633
3091062183
3091673435
3096705915
3096960281
3097688767
3100613201
3103993785
3106250394
3114175427
3117131845
3117177915
3125046087
3148154207
3150465091
3154924132
3162510465
3166243583
3169959511
3171587285
3171944275
3172918062
3173341643
3173456860
3180086671
3180544263
3183555132
3186551373
3188116192
31906528
3191983374
3192597580
3192818275
3192838161
3194463860
3195619433
3196685592
3197025334
3197077575
3198147724
3198244330
3198667210
3199396465
3199832714
3199898533
3201314794
3201458717
3201569631
3201677041
3202959411
3203626402
3206657871
3206726025
3209588243
3211765335
3214218765
3217679077
3218368531
3218653013
3222817584
3222892134
3225013755
3225365642
3228762260
3229916011
3230238400
3235654882
3236771742
3237862640
3240988201
3241319394
3243083143
3243605871
3243812097
3248050592
3252634997
3253198047
3256098247
3256669835
3261134763
3261598194
3263995385
3264072325
3266984481
3270561561
3271059362
3271857672
3272219974
3276474543
3276536134
3278331095
3280632060
3281485682
3285567672
3288875501
3289761404
3290237651
3296184181
3296708111
3296770235
3300716741
3300916952
3306495583
3309826382
3312008743
3312977743
3314453213
3319805431
3327196002
3338240912
3341524742
3350988712
3356940544
3425590172
3427645762
3432954304
3439197664
3454962424
3455037750
3455037794
3455247184
3455334500
3455351070
3455575350
3456733102
3459115470
3459495894
3474738780
3477324424
3479290910
3481245907
3494392691
3502987995
3503915157
3508612897
3511690595
3511727907
3514377271
3514436111
3514664437
3518592721
3518932342
3523155991
3535237861
3545174882
3547932981
3547967310
3549419482
3553504853
3557216665
3566553702
3574861204
3580419767
3581204135
3604939467
3607159902
3632959891
3659940762
3661249902
3669115115
3675573192
3676408397
3683906444
3694355960
3707502951
3708524475
3717169065
3721966441
3747850951
3873956186
3884091601
3896120687
3966420512